#
# Seq 24 Init File
#


[midi-control]
74
0 [0 0   0   0   0   0] [0 0   0   0   0   0] [0 0   0   0   0   0]
1 [0 0   0   0   0   0] [0 0   0   0   0   0] [0 0   0   0   0   0]
2 [0 0   0   0   0   0] [0 0   0   0   0   0] [0 0   0   0   0   0]
3 [0 0   0   0   0   0] [0 0   0   0   0   0] [0 0   0   0   0   0]
4 [0 0   0   0   0   0] [0 0   0   0   0   0] [0 0   0   0   0   0]
5 [0 0   0   0   0   0] [0 0   0   0   0   0] [0 0   0   0   0   0]
6 [0 0   0   0   0   0] [0 0   0   0   0   0] [0 0   0   0   0   0]
7 [0 0   0   0   0   0] [0 0   0   0   0   0] [0 0   0   0   0   0]
8 [0 0   0   0   0   0] [0 0   0   0   0   0] [0 0   0   0   0   0]
9 [0 0   0   0   0   0] [0 0   0   0   0   0] [0 0   0   0   0   0]
10 [0 0   0   0   0   0] [0 0   0   0   0   0] [0 0   0   0   0   0]
11 [0 0   0   0   0   0] [0 0   0   0   0   0] [0 0   0   0   0   0]
12 [0 0   0   0   0   0] [0 0   0   0   0   0] [0 0   0   0   0   0]
13 [0 0   0   0   0   0] [0 0   0   0   0   0] [0 0   0   0   0   0]
14 [0 0   0   0   0   0] [0 0   0   0   0   0] [0 0   0   0   0   0]
15 [0 0   0   0   0   0] [0 0   0   0   0   0] [0 0   0   0   0   0]
16 [0 0   0   0   0   0] [0 0   0   0   0   0] [0 0   0   0   0   0]
17 [0 0   0   0   0   0] [0 0   0   0   0   0] [0 0   0   0   0   0]
18 [0 0   0   0   0   0] [0 0   0   0   0   0] [0 0   0   0   0   0]
19 [0 0   0   0   0   0] [0 0   0   0   0   0] [0 0   0   0   0   0]
20 [0 0   0   0   0   0] [0 0   0   0   0   0] [0 0   0   0   0   0]
21 [0 0   0   0   0   0] [0 0   0   0   0   0] [0 0   0   0   0   0]
22 [0 0   0   0   0   0] [0 0   0   0   0   0] [0 0   0   0   0   0]
23 [0 0   0   0   0   0] [0 0   0   0   0   0] [0 0   0   0   0   0]
24 [0 0   0   0   0   0] [0 0   0   0   0   0] [0 0   0   0   0   0]
25 [0 0   0   0   0   0] [0 0   0   0   0   0] [0 0   0   0   0   0]
26 [0 0   0   0   0   0] [0 0   0   0   0   0] [0 0   0   0   0   0]
27 [0 0   0   0   0   0] [0 0   0   0   0   0] [0 0   0   0   0   0]
28 [0 0   0   0   0   0] [0 0   0   0   0   0] [0 0   0   0   0   0]
29 [0 0   0   0   0   0] [0 0   0   0   0   0] [0 0   0   0   0   0]
30 [0 0   0   0   0   0] [0 0   0   0   0   0] [0 0   0   0   0   0]
31 [0 0   0   0   0   0] [0 0   0   0   0   0] [0 0   0   0   0   0]
# mute in group
32 [0 0   0   0   0   0] [0 0   0   0   0   0] [0 0   0   0   0   0]
33 [0 0   0   0   0   0] [0 0   0   0   0   0] [0 0   0   0   0   0]
34 [0 0   0   0   0   0] [0 0   0   0   0   0] [0 0   0   0   0   0]
35 [0 0   0   0   0   0] [0 0   0   0   0   0] [0 0   0   0   0   0]
36 [0 0   0   0   0   0] [0 0   0   0   0   0] [0 0   0   0   0   0]
37 [0 0   0   0   0   0] [0 0   0   0   0   0] [0 0   0   0   0   0]
38 [0 0   0   0   0   0] [0 0   0   0   0   0] [0 0   0   0   0   0]
39 [0 0   0   0   0   0] [0 0   0   0   0   0] [0 0   0   0   0   0]
40 [0 0   0   0   0   0] [0 0   0   0   0   0] [0 0   0   0   0   0]
41 [0 0   0   0   0   0] [0 0   0   0   0   0] [0 0   0   0   0   0]
42 [0 0   0   0   0   0] [0 0   0   0   0   0] [0 0   0   0   0   0]
43 [0 0   0   0   0   0] [0 0   0   0   0   0] [0 0   0   0   0   0]
44 [0 0   0   0   0   0] [0 0   0   0   0   0] [0 0   0   0   0   0]
45 [0 0   0   0   0   0] [0 0   0   0   0   0] [0 0   0   0   0   0]
46 [0 0   0   0   0   0] [0 0   0   0   0   0] [0 0   0   0   0   0]
47 [0 0   0   0   0   0] [0 0   0   0   0   0] [0 0   0   0   0   0]
48 [0 0   0   0   0   0] [0 0   0   0   0   0] [0 0   0   0   0   0]
49 [0 0   0   0   0   0] [0 0   0   0   0   0] [0 0   0   0   0   0]
50 [0 0   0   0   0   0] [0 0   0   0   0   0] [0 0   0   0   0   0]
51 [0 0   0   0   0   0] [0 0   0   0   0   0] [0 0   0   0   0   0]
52 [0 0   0   0   0   0] [0 0   0   0   0   0] [0 0   0   0   0   0]
53 [0 0   0   0   0   0] [0 0   0   0   0   0] [0 0   0   0   0   0]
54 [0 0   0   0   0   0] [0 0   0   0   0   0] [0 0   0   0   0   0]
55 [0 0   0   0   0   0] [0 0   0   0   0   0] [0 0   0   0   0   0]
56 [0 0   0   0   0   0] [0 0   0   0   0   0] [0 0   0   0   0   0]
57 [0 0   0   0   0   0] [0 0   0   0   0   0] [0 0   0   0   0   0]
58 [0 0   0   0   0   0] [0 0   0   0   0   0] [0 0   0   0   0   0]
59 [0 0   0   0   0   0] [0 0   0   0   0   0] [0 0   0   0   0   0]
60 [0 0   0   0   0   0] [0 0   0   0   0   0] [0 0   0   0   0   0]
61 [0 0   0   0   0   0] [0 0   0   0   0   0] [0 0   0   0   0   0]
62 [0 0   0   0   0   0] [0 0   0   0   0   0] [0 0   0   0   0   0]
63 [0 0   0   0   0   0] [0 0   0   0   0   0] [0 0   0   0   0   0]
# bpm up
64 [0 0   0   0   0   0] [0 0   0   0   0   0] [0 0   0   0   0   0]
# bpm down
65 [0 0   0   0   0   0] [0 0   0   0   0   0] [0 0   0   0   0   0]
# screen set up
66 [0 0   0   0   0   0] [0 0   0   0   0   0] [0 0   0   0   0   0]
# screen set down
67 [0 0   0   0   0   0] [0 0   0   0   0   0] [0 0   0   0   0   0]
# mod replace
68 [0 0   0   0   0   0] [0 0   0   0   0   0] [0 0   0   0   0   0]
# mod snapshot
69 [0 0   0   0   0   0] [0 0   0   0   0   0] [0 0   0   0   0   0]
# mod queue
70 [0 0   0   0   0   0] [0 0   0   0   0   0] [0 0   0   0   0   0]
# mod gmute
71 [0 0   0   0   0   0] [0 0   0   0   0   0] [0 0   0   0   0   0]
# mod glearn
72 [0 0   0   0   0   0] [0 0   0   0   0   0] [0 0   0   0   0   0]
# screen set play
73 [0 0   0   0   0   0] [0 0   0   0   0   0] [0 0   0   0   0   0]



[mute-group]
1024
0 [0 0 0 0 0 0 0 0] [0 0 0 0 0 0 0 0] [0 0 0 0 0 0 0 0] [0 0 0 0 0 0 0 0]
1 [0 0 0 0 0 0 0 0] [0 0 0 0 0 0 0 0] [0 0 0 0 0 0 0 0] [0 0 0 0 0 0 0 0]
2 [0 0 0 0 0 0 0 0] [0 0 0 0 0 0 0 0] [0 0 0 0 0 0 0 0] [0 0 0 0 0 0 0 0]
3 [0 0 0 0 0 0 0 0] [0 0 0 0 0 0 0 0] [0 0 0 0 0 0 0 0] [0 0 0 0 0 0 0 0]
4 [0 0 0 0 0 0 0 0] [0 0 0 0 0 0 0 0] [0 0 0 0 0 0 0 0] [0 0 0 0 0 0 0 0]
5 [0 0 0 0 0 0 0 0] [0 0 0 0 0 0 0 0] [0 0 0 0 0 0 0 0] [0 0 0 0 0 0 0 0]
6 [0 0 0 0 0 0 0 0] [0 0 0 0 0 0 0 0] [0 0 0 0 0 0 0 0] [0 0 0 0 0 0 0 0]
7 [0 0 0 0 0 0 0 0] [0 0 0 0 0 0 0 0] [0 0 0 0 0 0 0 0] [0 0 0 0 0 0 0 0]
8 [0 0 0 0 0 0 0 0] [0 0 0 0 0 0 0 0] [0 0 0 0 0 0 0 0] [0 0 0 0 0 0 0 0]
9 [0 0 0 0 0 0 0 0] [0 0 0 0 0 0 0 0] [0 0 0 0 0 0 0 0] [0 0 0 0 0 0 0 0]
10 [0 0 0 0 0 0 0 0] [0 0 0 0 0 0 0 0] [0 0 0 0 0 0 0 0] [0 0 0 0 0 0 0 0]
11 [0 0 0 0 0 0 0 0] [0 0 0 0 0 0 0 0] [0 0 0 0 0 0 0 0] [0 0 0 0 0 0 0 0]
12 [0 0 0 0 0 0 0 0] [0 0 0 0 0 0 0 0] [0 0 0 0 0 0 0 0] [0 0 0 0 0 0 0 0]
13 [0 0 0 0 0 0 0 0] [0 0 0 0 0 0 0 0] [0 0 0 0 0 0 0 0] [0 0 0 0 0 0 0 0]
14 [0 0 0 0 0 0 0 0] [0 0 0 0 0 0 0 0] [0 0 0 0 0 0 0 0] [0 0 0 0 0 0 0 0]
15 [0 0 0 0 0 0 0 0] [0 0 0 0 0 0 0 0] [0 0 0 0 0 0 0 0] [0 0 0 0 0 0 0 0]
16 [0 0 0 0 0 0 0 0] [0 0 0 0 0 0 0 0] [0 0 0 0 0 0 0 0] [0 0 0 0 0 0 0 0]
17 [0 0 0 0 0 0 0 0] [0 0 0 0 0 0 0 0] [0 0 0 0 0 0 0 0] [0 0 0 0 0 0 0 0]
18 [0 0 0 0 0 0 0 0] [0 0 0 0 0 0 0 0] [0 0 0 0 0 0 0 0] [0 0 0 0 0 0 0 0]
19 [0 0 0 0 0 0 0 0] [0 0 0 0 0 0 0 0] [0 0 0 0 0 0 0 0] [0 0 0 0 0 0 0 0]
20 [0 0 0 0 0 0 0 0] [0 0 0 0 0 0 0 0] [0 0 0 0 0 0 0 0] [0 0 0 0 0 0 0 0]
21 [0 0 0 0 0 0 0 0] [0 0 0 0 0 0 0 0] [0 0 0 0 0 0 0 0] [0 0 0 0 0 0 0 0]
22 [0 0 0 0 0 0 0 0] [0 0 0 0 0 0 0 0] [0 0 0 0 0 0 0 0] [0 0 0 0 0 0 0 0]
23 [0 0 0 0 0 0 0 0] [0 0 0 0 0 0 0 0] [0 0 0 0 0 0 0 0] [0 0 0 0 0 0 0 0]
24 [0 0 0 0 0 0 0 0] [0 0 0 0 0 0 0 0] [0 0 0 0 0 0 0 0] [0 0 0 0 0 0 0 0]
25 [0 0 0 0 0 0 0 0] [0 0 0 0 0 0 0 0] [0 0 0 0 0 0 0 0] [0 0 0 0 0 0 0 0]
26 [0 0 0 0 0 0 0 0] [0 0 0 0 0 0 0 0] [0 0 0 0 0 0 0 0] [0 0 0 0 0 0 0 0]
27 [0 0 0 0 0 0 0 0] [0 0 0 0 0 0 0 0] [0 0 0 0 0 0 0 0] [0 0 0 0 0 0 0 0]
28 [0 0 0 0 0 0 0 0] [0 0 0 0 0 0 0 0] [0 0 0 0 0 0 0 0] [0 0 0 0 0 0 0 0]
29 [0 0 0 0 0 0 0 0] [0 0 0 0 0 0 0 0] [0 0 0 0 0 0 0 0] [0 0 0 0 0 0 0 0]
30 [0 0 0 0 0 0 0 0] [0 0 0 0 0 0 0 0] [0 0 0 0 0 0 0 0] [0 0 0 0 0 0 0 0]
31 [0 0 0 0 0 0 0 0] [0 0 0 0 0 0 0 0] [0 0 0 0 0 0 0 0] [0 0 0 0 0 0 0 0]



[midi-clock]
16
# [1] seq24 1
0 0
# [2] seq24 2
1 0
# [3] seq24 3
2 0
# [4] seq24 4
3 0
# [5] seq24 5
4 0
# [6] seq24 6
5 0
# [7] seq24 7
6 0
# [8] seq24 8
7 0
# [9] seq24 9
8 0
# [10] seq24 10
9 0
# [11] seq24 11
10 0
# [12] seq24 12
11 0
# [13] seq24 13
12 0
# [14] seq24 14
13 0
# [15] seq24 15
14 0
# [16] seq24 16
15 0


[midi-clock-mod-ticks]
64



[midi-input]
1
# [0] seq24 0
0 0



[manual-alsa-ports]
# set to 1 if you want seq24 to create its own alsa ports and
# not connect to other clients
1



[interaction-method]
# 0 - 'seq24' (original seq24 method)
# 1 - 'fruity' (similar to a certain fruity sequencer we like)
1



[keyboard-control]
# Key #, Sequence # 
0



[keyboard-group]
# Key #, group # 
0
# bpm up, down
39 59        # apostrophe semicolon
# screen set up, down, play
93 91 65360        # bracketright bracketleft Home
# group on, off, learn
236 39 65379        # igrave apostrophe Insert
# replace, queue, snapshot_1, snapshot 2, keep queue
65507 65508 65513 65514 92        # Control_L Control_R Alt_L Alt_R backslash
0        # show_ui_sequence_key (1=true/0=false)
32        # space start sequencer
65307        # Escape stop sequencer



[jack-transport]

# jack_transport - Enable sync with JACK Transport.
1

# jack_master - Seq24 will attempt to serve as JACK Master.
1

# jack_master_cond -  Seq24 will fail to be master if there is already a master set.
0

# jack_start_mode
# 0 = Playback will be in live mode.  Use this to allow muting and unmuting of loops.
# 1 = Playback will use the song editors data.
1




[last-used-dir]

# Last used directory.
/home/sjh/git/hbf-rig/trset1/set/

